1403638523.327830 0.017948 0.008413 0.288759  0.802860  0.011456  0.593875 -0.050964
1403638523.427830  0.018330 -0.004036  0.254086  0.803827  0.012148  0.592635 -0.049989
1403638523.527829  0.018349 -0.014594  0.213858  0.810991  0.015853  0.583087 -0.045288
1403638523.627830  0.016330 -0.024685  0.171544  0.821648  0.019597  0.568344 -0.038690
1403638523.327830 0.017948 0.008413 0.288759  0.802860  0.011456  0.593875 -0.050964
1403638523.427830  0.018330 -0.004036  0.254086  0.803827  0.012148  0.592635 -0.049989
1403638523.527829  0.018349 -0.014594  0.213858  0.810991  0.015853  0.583087 -0.045288
1403638523.627830  0.016330 -0.024685  0.171544  0.821648  0.019597  0.568344 -0.038690
1403638523.727829  0.013705 -0.033747  0.135005  0.829054  0.022480  0.557651 -0.034488
1403638523.827830  0.009374 -0.039227  0.101375  0.831825  0.025271  0.553511 -0.032446
1403638523.927830  0.003664 -0.044526  0.070288  0.831706  0.029750  0.553842 -0.025266
1403638523.327830 0.017948 0.008413 0.288759  0.802860  0.011456  0.593875 -0.050964
1403638523.427830  0.018330 -0.004036  0.254086  0.803827  0.012148  0.592635 -0.049989
1403638523.527829  0.018349 -0.014594  0.213858  0.810991  0.015853  0.583087 -0.045288
1403638523.627830  0.016330 -0.024685  0.171544  0.821648  0.019597  0.568344 -0.038690
1403638523.727829  0.013705 -0.033747  0.135005  0.829054  0.022480  0.557651 -0.034488
